{
 "cells": [
  {
   "cell_type": "code",
   "execution_count": 382,
   "outputs": [],
   "source": [
    "import pandas as pd\n",
    "import numpy as np\n",
    "import matplotlib.pyplot as plt\n",
    "import seaborn as sns"
   ],
   "metadata": {
    "collapsed": false,
    "pycharm": {
     "name": "#%%\n"
    }
   }
  },
  {
   "cell_type": "markdown",
   "metadata": {
    "collapsed": true,
    "pycharm": {
     "name": "#%% md\n"
    }
   },
   "source": [
    "### Визначити кореляцію кількості активних хворих в різних областях та побудувати відповідну таблицю"
   ]
  },
  {
   "cell_type": "code",
   "execution_count": 383,
   "outputs": [
    {
     "data": {
      "text/plain": "                   Рівненська  Львівська  Івано-Франківська  Житомирська  \\\nРівненська           1.000000   0.959910           0.941163     0.876627   \nЛьвівська            0.959910   1.000000           0.979560     0.928116   \nІвано-Франківська    0.941163   0.979560           1.000000     0.967736   \nЖитомирська          0.876627   0.928116           0.967736     1.000000   \nДонецька             0.784541   0.859861           0.910796     0.968921   \nМиколаївська         0.825633   0.904811           0.944542     0.982256   \nЧернівецька          0.877236   0.929780           0.963524     0.979453   \nм. Київ              0.935271   0.988868           0.976610     0.940540   \nХмельницька          0.847161   0.929932           0.958988     0.987827   \nКіровоградська       0.569319   0.614930           0.719254     0.832252   \nТернопільська        0.854580   0.929794           0.886577     0.835518   \nВолинська            0.901375   0.956563           0.969095     0.978096   \nОдеська              0.897122   0.973023           0.981958     0.970150   \nХерсонська           0.782548   0.861985           0.919875     0.977300   \nЗакарпатська         0.977269   0.985601           0.956202     0.885526   \nЧеркаська            0.807343   0.906302           0.930546     0.959292   \nЗапорізька           0.825796   0.912538           0.948644     0.979190   \nСумська              0.816998   0.894719           0.941653     0.981547   \nВінницька            0.926540   0.978399           0.975974     0.963030   \nЛуганська            0.784659   0.857069           0.915413     0.975507   \nКиївська             0.870200   0.952843           0.949123     0.937798   \nПолтавська           0.743244   0.812901           0.883230     0.954144   \nДніпропетровська     0.792832   0.873808           0.922085     0.966329   \nХарківська           0.874705   0.952097           0.974822     0.985998   \nЧернігівська         0.877547   0.953602           0.973265     0.986176   \n\n                   Донецька  Миколаївська  Чернівецька   м. Київ  Хмельницька  \\\nРівненська         0.784541      0.825633     0.877236  0.935271     0.847161   \nЛьвівська          0.859861      0.904811     0.929780  0.988868     0.929932   \nІвано-Франківська  0.910796      0.944542     0.963524  0.976610     0.958988   \nЖитомирська        0.968921      0.982256     0.979453  0.940540     0.987827   \nДонецька           1.000000      0.984760     0.925886  0.877705     0.973037   \nМиколаївська       0.984760      1.000000     0.962348  0.929112     0.990711   \nЧернівецька        0.925886      0.962348     1.000000  0.959156     0.977578   \nм. Київ            0.877705      0.929112     0.959156  1.000000     0.951112   \nХмельницька        0.973037      0.990711     0.977578  0.951112     1.000000   \nКіровоградська     0.852670      0.809706     0.799870  0.643867     0.804745   \nТернопільська      0.726376      0.811687     0.890618  0.943622     0.857935   \nВолинська          0.953749      0.977529     0.974489  0.975140     0.986278   \nОдеська            0.922458      0.963087     0.978874  0.987832     0.982248   \nХерсонська         0.994673      0.988548     0.944943  0.885187     0.979155   \nЗакарпатська       0.806516      0.846448     0.878630  0.954823     0.873827   \nЧеркаська          0.962172      0.985913     0.957808  0.942388     0.983836   \nЗапорізька         0.980009      0.996003     0.967426  0.940231     0.993467   \nСумська            0.991408      0.996837     0.953143  0.915265     0.986754   \nВінницька          0.918826      0.954467     0.969387  0.990899     0.970122   \nЛуганська          0.993903      0.982893     0.929907  0.870503     0.972061   \nКиївська           0.888088      0.940439     0.968933  0.984753     0.962077   \nПолтавська         0.990263      0.968364     0.898686  0.827337     0.947714   \nДніпропетровська   0.986280      0.992867     0.948242  0.906055     0.978315   \nХарківська         0.959687      0.986658     0.980852  0.970439     0.995850   \nЧернігівська       0.955377      0.982769     0.981395  0.970698     0.995730   \n\n                   Кіровоградська  Тернопільська  Волинська   Одеська  \\\nРівненська               0.569319       0.854580   0.901375  0.897122   \nЛьвівська                0.614930       0.929794   0.956563  0.973023   \nІвано-Франківська        0.719254       0.886577   0.969095  0.981958   \nЖитомирська              0.832252       0.835518   0.978096  0.970150   \nДонецька                 0.852670       0.726376   0.953749  0.922458   \nМиколаївська             0.809706       0.811687   0.977529  0.963087   \nЧернівецька              0.799870       0.890618   0.974489  0.978874   \nм. Київ                  0.643867       0.943622   0.975140  0.987832   \nХмельницька              0.804745       0.857935   0.986278  0.982248   \nКіровоградська           1.000000       0.525982   0.751390  0.717527   \nТернопільська            0.525982       1.000000   0.872469  0.925313   \nВолинська                0.751390       0.872469   1.000000  0.983094   \nОдеська                  0.717527       0.925313   0.983094  1.000000   \nХерсонська               0.870820       0.749629   0.953626  0.933501   \nЗакарпатська             0.567960       0.894324   0.910393  0.927407   \nЧеркаська                0.766841       0.844446   0.977995  0.967256   \nЗапорізька               0.801881       0.828671   0.982687  0.971833   \nСумська                  0.823230       0.782786   0.971109  0.954151   \nВінницька                0.709434       0.911622   0.990871  0.986550   \nЛуганська                0.869541       0.730356   0.943439  0.921481   \nКиївська                 0.679917       0.942762   0.973501  0.985610   \nПолтавська               0.883340       0.665842   0.916011  0.884403   \nДніпропетровська         0.817350       0.769472   0.966745  0.942232   \nХарківська               0.768437       0.881386   0.990177  0.992989   \nЧернігівська             0.768094       0.888871   0.989985  0.992697   \n\n                   Херсонська  Закарпатська  Черкаська  Запорізька   Сумська  \\\nРівненська           0.782548      0.977269   0.807343    0.825796  0.816998   \nЛьвівська            0.861985      0.985601   0.906302    0.912538  0.894719   \nІвано-Франківська    0.919875      0.956202   0.930546    0.948644  0.941653   \nЖитомирська          0.977300      0.885526   0.959292    0.979190  0.981547   \nДонецька             0.994673      0.806516   0.962172    0.980009  0.991408   \nМиколаївська         0.988548      0.846448   0.985913    0.996003  0.996837   \nЧернівецька          0.944943      0.878630   0.957808    0.967426  0.953143   \nм. Київ              0.885187      0.954823   0.942388    0.940231  0.915265   \nХмельницька          0.979155      0.873827   0.983836    0.993467  0.986754   \nКіровоградська       0.870820      0.567960   0.766841    0.801881  0.823230   \nТернопільська        0.749629      0.894324   0.844446    0.828671  0.782786   \nВолинська            0.953626      0.910393   0.977995    0.982687  0.971109   \nОдеська              0.933501      0.927407   0.967256    0.971833  0.954151   \nХерсонська           1.000000      0.804551   0.966900    0.985023  0.993358   \nЗакарпатська         0.804551      1.000000   0.835827    0.850346  0.838412   \nЧеркаська            0.966900      0.835827   1.000000    0.993208  0.978114   \nЗапорізька           0.985023      0.850346   0.993208    1.000000  0.993822   \nСумська              0.993358      0.838412   0.978114    0.993822  1.000000   \nВінницька            0.921969      0.939725   0.962815    0.962654  0.944281   \nЛуганська            0.994592      0.807058   0.948345    0.973647  0.989439   \nКиївська             0.901408      0.895045   0.967177    0.955935  0.923541   \nПолтавська           0.988568      0.762260   0.928304    0.956369  0.979058   \nДніпропетровська     0.988136      0.809616   0.985220    0.992259  0.992038   \nХарківська           0.967140      0.900737   0.982782    0.990813  0.981636   \nЧернігівська         0.962513      0.901990   0.978910    0.987100  0.977135   \n\n                   Вінницька  Луганська  Київська  Полтавська  \\\nРівненська          0.926540   0.784659  0.870200    0.743244   \nЛьвівська           0.978399   0.857069  0.952843    0.812901   \nІвано-Франківська   0.975974   0.915413  0.949123    0.883230   \nЖитомирська         0.963030   0.975507  0.937798    0.954144   \nДонецька            0.918826   0.993903  0.888088    0.990263   \nМиколаївська        0.954467   0.982893  0.940439    0.968364   \nЧернівецька         0.969387   0.929907  0.968933    0.898686   \nм. Київ             0.990899   0.870503  0.984753    0.827337   \nХмельницька         0.970122   0.972061  0.962077    0.947714   \nКіровоградська      0.709434   0.869541  0.679917    0.883340   \nТернопільська       0.911622   0.730356  0.942762    0.665842   \nВолинська           0.990871   0.943439  0.973501    0.916011   \nОдеська             0.986550   0.921481  0.985610    0.884403   \nХерсонська          0.921969   0.994592  0.901408    0.988568   \nЗакарпатська        0.939725   0.807058  0.895045    0.762260   \nЧеркаська           0.962815   0.948345  0.967177    0.928304   \nЗапорізька          0.962654   0.973647  0.955935    0.956369   \nСумська             0.944281   0.989439  0.923541    0.979058   \nВінницька           1.000000   0.909045  0.980504    0.873677   \nЛуганська           0.909045   1.000000  0.877383    0.994660   \nКиївська            0.980504   0.877383  1.000000    0.836595   \nПолтавська          0.873677   0.994660  0.836595    1.000000   \nДніпропетровська    0.937430   0.976584  0.926046    0.968961   \nХарківська          0.981826   0.958019  0.973306    0.930001   \nЧернігівська        0.982727   0.955161  0.973363    0.924735   \n\n                   Дніпропетровська  Харківська  Чернігівська  \nРівненська                 0.792832    0.874705      0.877547  \nЛьвівська                  0.873808    0.952097      0.953602  \nІвано-Франківська          0.922085    0.974822      0.973265  \nЖитомирська                0.966329    0.985998      0.986176  \nДонецька                   0.986280    0.959687      0.955377  \nМиколаївська               0.992867    0.986658      0.982769  \nЧернівецька                0.948242    0.980852      0.981395  \nм. Київ                    0.906055    0.970439      0.970698  \nХмельницька                0.978315    0.995850      0.995730  \nКіровоградська             0.817350    0.768437      0.768094  \nТернопільська              0.769472    0.881386      0.888871  \nВолинська                  0.966745    0.990177      0.989985  \nОдеська                    0.942232    0.992989      0.992697  \nХерсонська                 0.988136    0.967140      0.962513  \nЗакарпатська               0.809616    0.900737      0.901990  \nЧеркаська                  0.985220    0.982782      0.978910  \nЗапорізька                 0.992259    0.990813      0.987100  \nСумська                    0.992038    0.981636      0.977135  \nВінницька                  0.937430    0.981826      0.982727  \nЛуганська                  0.976584    0.958019      0.955161  \nКиївська                   0.926046    0.973306      0.973363  \nПолтавська                 0.968961    0.930001      0.924735  \nДніпропетровська           1.000000    0.971353      0.964660  \nХарківська                 0.971353    1.000000      0.998612  \nЧернігівська               0.964660    0.998612      1.000000  ",
      "text/html": "<div>\n<style scoped>\n    .dataframe tbody tr th:only-of-type {\n        vertical-align: middle;\n    }\n\n    .dataframe tbody tr th {\n        vertical-align: top;\n    }\n\n    .dataframe thead th {\n        text-align: right;\n    }\n</style>\n<table border=\"1\" class=\"dataframe\">\n  <thead>\n    <tr style=\"text-align: right;\">\n      <th></th>\n      <th>Рівненська</th>\n      <th>Львівська</th>\n      <th>Івано-Франківська</th>\n      <th>Житомирська</th>\n      <th>Донецька</th>\n      <th>Миколаївська</th>\n      <th>Чернівецька</th>\n      <th>м. Київ</th>\n      <th>Хмельницька</th>\n      <th>Кіровоградська</th>\n      <th>Тернопільська</th>\n      <th>Волинська</th>\n      <th>Одеська</th>\n      <th>Херсонська</th>\n      <th>Закарпатська</th>\n      <th>Черкаська</th>\n      <th>Запорізька</th>\n      <th>Сумська</th>\n      <th>Вінницька</th>\n      <th>Луганська</th>\n      <th>Київська</th>\n      <th>Полтавська</th>\n      <th>Дніпропетровська</th>\n      <th>Харківська</th>\n      <th>Чернігівська</th>\n    </tr>\n  </thead>\n  <tbody>\n    <tr>\n      <th>Рівненська</th>\n      <td>1.000000</td>\n      <td>0.959910</td>\n      <td>0.941163</td>\n      <td>0.876627</td>\n      <td>0.784541</td>\n      <td>0.825633</td>\n      <td>0.877236</td>\n      <td>0.935271</td>\n      <td>0.847161</td>\n      <td>0.569319</td>\n      <td>0.854580</td>\n      <td>0.901375</td>\n      <td>0.897122</td>\n      <td>0.782548</td>\n      <td>0.977269</td>\n      <td>0.807343</td>\n      <td>0.825796</td>\n      <td>0.816998</td>\n      <td>0.926540</td>\n      <td>0.784659</td>\n      <td>0.870200</td>\n      <td>0.743244</td>\n      <td>0.792832</td>\n      <td>0.874705</td>\n      <td>0.877547</td>\n    </tr>\n    <tr>\n      <th>Львівська</th>\n      <td>0.959910</td>\n      <td>1.000000</td>\n      <td>0.979560</td>\n      <td>0.928116</td>\n      <td>0.859861</td>\n      <td>0.904811</td>\n      <td>0.929780</td>\n      <td>0.988868</td>\n      <td>0.929932</td>\n      <td>0.614930</td>\n      <td>0.929794</td>\n      <td>0.956563</td>\n      <td>0.973023</td>\n      <td>0.861985</td>\n      <td>0.985601</td>\n      <td>0.906302</td>\n      <td>0.912538</td>\n      <td>0.894719</td>\n      <td>0.978399</td>\n      <td>0.857069</td>\n      <td>0.952843</td>\n      <td>0.812901</td>\n      <td>0.873808</td>\n      <td>0.952097</td>\n      <td>0.953602</td>\n    </tr>\n    <tr>\n      <th>Івано-Франківська</th>\n      <td>0.941163</td>\n      <td>0.979560</td>\n      <td>1.000000</td>\n      <td>0.967736</td>\n      <td>0.910796</td>\n      <td>0.944542</td>\n      <td>0.963524</td>\n      <td>0.976610</td>\n      <td>0.958988</td>\n      <td>0.719254</td>\n      <td>0.886577</td>\n      <td>0.969095</td>\n      <td>0.981958</td>\n      <td>0.919875</td>\n      <td>0.956202</td>\n      <td>0.930546</td>\n      <td>0.948644</td>\n      <td>0.941653</td>\n      <td>0.975974</td>\n      <td>0.915413</td>\n      <td>0.949123</td>\n      <td>0.883230</td>\n      <td>0.922085</td>\n      <td>0.974822</td>\n      <td>0.973265</td>\n    </tr>\n    <tr>\n      <th>Житомирська</th>\n      <td>0.876627</td>\n      <td>0.928116</td>\n      <td>0.967736</td>\n      <td>1.000000</td>\n      <td>0.968921</td>\n      <td>0.982256</td>\n      <td>0.979453</td>\n      <td>0.940540</td>\n      <td>0.987827</td>\n      <td>0.832252</td>\n      <td>0.835518</td>\n      <td>0.978096</td>\n      <td>0.970150</td>\n      <td>0.977300</td>\n      <td>0.885526</td>\n      <td>0.959292</td>\n      <td>0.979190</td>\n      <td>0.981547</td>\n      <td>0.963030</td>\n      <td>0.975507</td>\n      <td>0.937798</td>\n      <td>0.954144</td>\n      <td>0.966329</td>\n      <td>0.985998</td>\n      <td>0.986176</td>\n    </tr>\n    <tr>\n      <th>Донецька</th>\n      <td>0.784541</td>\n      <td>0.859861</td>\n      <td>0.910796</td>\n      <td>0.968921</td>\n      <td>1.000000</td>\n      <td>0.984760</td>\n      <td>0.925886</td>\n      <td>0.877705</td>\n      <td>0.973037</td>\n      <td>0.852670</td>\n      <td>0.726376</td>\n      <td>0.953749</td>\n      <td>0.922458</td>\n      <td>0.994673</td>\n      <td>0.806516</td>\n      <td>0.962172</td>\n      <td>0.980009</td>\n      <td>0.991408</td>\n      <td>0.918826</td>\n      <td>0.993903</td>\n      <td>0.888088</td>\n      <td>0.990263</td>\n      <td>0.986280</td>\n      <td>0.959687</td>\n      <td>0.955377</td>\n    </tr>\n    <tr>\n      <th>Миколаївська</th>\n      <td>0.825633</td>\n      <td>0.904811</td>\n      <td>0.944542</td>\n      <td>0.982256</td>\n      <td>0.984760</td>\n      <td>1.000000</td>\n      <td>0.962348</td>\n      <td>0.929112</td>\n      <td>0.990711</td>\n      <td>0.809706</td>\n      <td>0.811687</td>\n      <td>0.977529</td>\n      <td>0.963087</td>\n      <td>0.988548</td>\n      <td>0.846448</td>\n      <td>0.985913</td>\n      <td>0.996003</td>\n      <td>0.996837</td>\n      <td>0.954467</td>\n      <td>0.982893</td>\n      <td>0.940439</td>\n      <td>0.968364</td>\n      <td>0.992867</td>\n      <td>0.986658</td>\n      <td>0.982769</td>\n    </tr>\n    <tr>\n      <th>Чернівецька</th>\n      <td>0.877236</td>\n      <td>0.929780</td>\n      <td>0.963524</td>\n      <td>0.979453</td>\n      <td>0.925886</td>\n      <td>0.962348</td>\n      <td>1.000000</td>\n      <td>0.959156</td>\n      <td>0.977578</td>\n      <td>0.799870</td>\n      <td>0.890618</td>\n      <td>0.974489</td>\n      <td>0.978874</td>\n      <td>0.944943</td>\n      <td>0.878630</td>\n      <td>0.957808</td>\n      <td>0.967426</td>\n      <td>0.953143</td>\n      <td>0.969387</td>\n      <td>0.929907</td>\n      <td>0.968933</td>\n      <td>0.898686</td>\n      <td>0.948242</td>\n      <td>0.980852</td>\n      <td>0.981395</td>\n    </tr>\n    <tr>\n      <th>м. Київ</th>\n      <td>0.935271</td>\n      <td>0.988868</td>\n      <td>0.976610</td>\n      <td>0.940540</td>\n      <td>0.877705</td>\n      <td>0.929112</td>\n      <td>0.959156</td>\n      <td>1.000000</td>\n      <td>0.951112</td>\n      <td>0.643867</td>\n      <td>0.943622</td>\n      <td>0.975140</td>\n      <td>0.987832</td>\n      <td>0.885187</td>\n      <td>0.954823</td>\n      <td>0.942388</td>\n      <td>0.940231</td>\n      <td>0.915265</td>\n      <td>0.990899</td>\n      <td>0.870503</td>\n      <td>0.984753</td>\n      <td>0.827337</td>\n      <td>0.906055</td>\n      <td>0.970439</td>\n      <td>0.970698</td>\n    </tr>\n    <tr>\n      <th>Хмельницька</th>\n      <td>0.847161</td>\n      <td>0.929932</td>\n      <td>0.958988</td>\n      <td>0.987827</td>\n      <td>0.973037</td>\n      <td>0.990711</td>\n      <td>0.977578</td>\n      <td>0.951112</td>\n      <td>1.000000</td>\n      <td>0.804745</td>\n      <td>0.857935</td>\n      <td>0.986278</td>\n      <td>0.982248</td>\n      <td>0.979155</td>\n      <td>0.873827</td>\n      <td>0.983836</td>\n      <td>0.993467</td>\n      <td>0.986754</td>\n      <td>0.970122</td>\n      <td>0.972061</td>\n      <td>0.962077</td>\n      <td>0.947714</td>\n      <td>0.978315</td>\n      <td>0.995850</td>\n      <td>0.995730</td>\n    </tr>\n    <tr>\n      <th>Кіровоградська</th>\n      <td>0.569319</td>\n      <td>0.614930</td>\n      <td>0.719254</td>\n      <td>0.832252</td>\n      <td>0.852670</td>\n      <td>0.809706</td>\n      <td>0.799870</td>\n      <td>0.643867</td>\n      <td>0.804745</td>\n      <td>1.000000</td>\n      <td>0.525982</td>\n      <td>0.751390</td>\n      <td>0.717527</td>\n      <td>0.870820</td>\n      <td>0.567960</td>\n      <td>0.766841</td>\n      <td>0.801881</td>\n      <td>0.823230</td>\n      <td>0.709434</td>\n      <td>0.869541</td>\n      <td>0.679917</td>\n      <td>0.883340</td>\n      <td>0.817350</td>\n      <td>0.768437</td>\n      <td>0.768094</td>\n    </tr>\n    <tr>\n      <th>Тернопільська</th>\n      <td>0.854580</td>\n      <td>0.929794</td>\n      <td>0.886577</td>\n      <td>0.835518</td>\n      <td>0.726376</td>\n      <td>0.811687</td>\n      <td>0.890618</td>\n      <td>0.943622</td>\n      <td>0.857935</td>\n      <td>0.525982</td>\n      <td>1.000000</td>\n      <td>0.872469</td>\n      <td>0.925313</td>\n      <td>0.749629</td>\n      <td>0.894324</td>\n      <td>0.844446</td>\n      <td>0.828671</td>\n      <td>0.782786</td>\n      <td>0.911622</td>\n      <td>0.730356</td>\n      <td>0.942762</td>\n      <td>0.665842</td>\n      <td>0.769472</td>\n      <td>0.881386</td>\n      <td>0.888871</td>\n    </tr>\n    <tr>\n      <th>Волинська</th>\n      <td>0.901375</td>\n      <td>0.956563</td>\n      <td>0.969095</td>\n      <td>0.978096</td>\n      <td>0.953749</td>\n      <td>0.977529</td>\n      <td>0.974489</td>\n      <td>0.975140</td>\n      <td>0.986278</td>\n      <td>0.751390</td>\n      <td>0.872469</td>\n      <td>1.000000</td>\n      <td>0.983094</td>\n      <td>0.953626</td>\n      <td>0.910393</td>\n      <td>0.977995</td>\n      <td>0.982687</td>\n      <td>0.971109</td>\n      <td>0.990871</td>\n      <td>0.943439</td>\n      <td>0.973501</td>\n      <td>0.916011</td>\n      <td>0.966745</td>\n      <td>0.990177</td>\n      <td>0.989985</td>\n    </tr>\n    <tr>\n      <th>Одеська</th>\n      <td>0.897122</td>\n      <td>0.973023</td>\n      <td>0.981958</td>\n      <td>0.970150</td>\n      <td>0.922458</td>\n      <td>0.963087</td>\n      <td>0.978874</td>\n      <td>0.987832</td>\n      <td>0.982248</td>\n      <td>0.717527</td>\n      <td>0.925313</td>\n      <td>0.983094</td>\n      <td>1.000000</td>\n      <td>0.933501</td>\n      <td>0.927407</td>\n      <td>0.967256</td>\n      <td>0.971833</td>\n      <td>0.954151</td>\n      <td>0.986550</td>\n      <td>0.921481</td>\n      <td>0.985610</td>\n      <td>0.884403</td>\n      <td>0.942232</td>\n      <td>0.992989</td>\n      <td>0.992697</td>\n    </tr>\n    <tr>\n      <th>Херсонська</th>\n      <td>0.782548</td>\n      <td>0.861985</td>\n      <td>0.919875</td>\n      <td>0.977300</td>\n      <td>0.994673</td>\n      <td>0.988548</td>\n      <td>0.944943</td>\n      <td>0.885187</td>\n      <td>0.979155</td>\n      <td>0.870820</td>\n      <td>0.749629</td>\n      <td>0.953626</td>\n      <td>0.933501</td>\n      <td>1.000000</td>\n      <td>0.804551</td>\n      <td>0.966900</td>\n      <td>0.985023</td>\n      <td>0.993358</td>\n      <td>0.921969</td>\n      <td>0.994592</td>\n      <td>0.901408</td>\n      <td>0.988568</td>\n      <td>0.988136</td>\n      <td>0.967140</td>\n      <td>0.962513</td>\n    </tr>\n    <tr>\n      <th>Закарпатська</th>\n      <td>0.977269</td>\n      <td>0.985601</td>\n      <td>0.956202</td>\n      <td>0.885526</td>\n      <td>0.806516</td>\n      <td>0.846448</td>\n      <td>0.878630</td>\n      <td>0.954823</td>\n      <td>0.873827</td>\n      <td>0.567960</td>\n      <td>0.894324</td>\n      <td>0.910393</td>\n      <td>0.927407</td>\n      <td>0.804551</td>\n      <td>1.000000</td>\n      <td>0.835827</td>\n      <td>0.850346</td>\n      <td>0.838412</td>\n      <td>0.939725</td>\n      <td>0.807058</td>\n      <td>0.895045</td>\n      <td>0.762260</td>\n      <td>0.809616</td>\n      <td>0.900737</td>\n      <td>0.901990</td>\n    </tr>\n    <tr>\n      <th>Черкаська</th>\n      <td>0.807343</td>\n      <td>0.906302</td>\n      <td>0.930546</td>\n      <td>0.959292</td>\n      <td>0.962172</td>\n      <td>0.985913</td>\n      <td>0.957808</td>\n      <td>0.942388</td>\n      <td>0.983836</td>\n      <td>0.766841</td>\n      <td>0.844446</td>\n      <td>0.977995</td>\n      <td>0.967256</td>\n      <td>0.966900</td>\n      <td>0.835827</td>\n      <td>1.000000</td>\n      <td>0.993208</td>\n      <td>0.978114</td>\n      <td>0.962815</td>\n      <td>0.948345</td>\n      <td>0.967177</td>\n      <td>0.928304</td>\n      <td>0.985220</td>\n      <td>0.982782</td>\n      <td>0.978910</td>\n    </tr>\n    <tr>\n      <th>Запорізька</th>\n      <td>0.825796</td>\n      <td>0.912538</td>\n      <td>0.948644</td>\n      <td>0.979190</td>\n      <td>0.980009</td>\n      <td>0.996003</td>\n      <td>0.967426</td>\n      <td>0.940231</td>\n      <td>0.993467</td>\n      <td>0.801881</td>\n      <td>0.828671</td>\n      <td>0.982687</td>\n      <td>0.971833</td>\n      <td>0.985023</td>\n      <td>0.850346</td>\n      <td>0.993208</td>\n      <td>1.000000</td>\n      <td>0.993822</td>\n      <td>0.962654</td>\n      <td>0.973647</td>\n      <td>0.955935</td>\n      <td>0.956369</td>\n      <td>0.992259</td>\n      <td>0.990813</td>\n      <td>0.987100</td>\n    </tr>\n    <tr>\n      <th>Сумська</th>\n      <td>0.816998</td>\n      <td>0.894719</td>\n      <td>0.941653</td>\n      <td>0.981547</td>\n      <td>0.991408</td>\n      <td>0.996837</td>\n      <td>0.953143</td>\n      <td>0.915265</td>\n      <td>0.986754</td>\n      <td>0.823230</td>\n      <td>0.782786</td>\n      <td>0.971109</td>\n      <td>0.954151</td>\n      <td>0.993358</td>\n      <td>0.838412</td>\n      <td>0.978114</td>\n      <td>0.993822</td>\n      <td>1.000000</td>\n      <td>0.944281</td>\n      <td>0.989439</td>\n      <td>0.923541</td>\n      <td>0.979058</td>\n      <td>0.992038</td>\n      <td>0.981636</td>\n      <td>0.977135</td>\n    </tr>\n    <tr>\n      <th>Вінницька</th>\n      <td>0.926540</td>\n      <td>0.978399</td>\n      <td>0.975974</td>\n      <td>0.963030</td>\n      <td>0.918826</td>\n      <td>0.954467</td>\n      <td>0.969387</td>\n      <td>0.990899</td>\n      <td>0.970122</td>\n      <td>0.709434</td>\n      <td>0.911622</td>\n      <td>0.990871</td>\n      <td>0.986550</td>\n      <td>0.921969</td>\n      <td>0.939725</td>\n      <td>0.962815</td>\n      <td>0.962654</td>\n      <td>0.944281</td>\n      <td>1.000000</td>\n      <td>0.909045</td>\n      <td>0.980504</td>\n      <td>0.873677</td>\n      <td>0.937430</td>\n      <td>0.981826</td>\n      <td>0.982727</td>\n    </tr>\n    <tr>\n      <th>Луганська</th>\n      <td>0.784659</td>\n      <td>0.857069</td>\n      <td>0.915413</td>\n      <td>0.975507</td>\n      <td>0.993903</td>\n      <td>0.982893</td>\n      <td>0.929907</td>\n      <td>0.870503</td>\n      <td>0.972061</td>\n      <td>0.869541</td>\n      <td>0.730356</td>\n      <td>0.943439</td>\n      <td>0.921481</td>\n      <td>0.994592</td>\n      <td>0.807058</td>\n      <td>0.948345</td>\n      <td>0.973647</td>\n      <td>0.989439</td>\n      <td>0.909045</td>\n      <td>1.000000</td>\n      <td>0.877383</td>\n      <td>0.994660</td>\n      <td>0.976584</td>\n      <td>0.958019</td>\n      <td>0.955161</td>\n    </tr>\n    <tr>\n      <th>Київська</th>\n      <td>0.870200</td>\n      <td>0.952843</td>\n      <td>0.949123</td>\n      <td>0.937798</td>\n      <td>0.888088</td>\n      <td>0.940439</td>\n      <td>0.968933</td>\n      <td>0.984753</td>\n      <td>0.962077</td>\n      <td>0.679917</td>\n      <td>0.942762</td>\n      <td>0.973501</td>\n      <td>0.985610</td>\n      <td>0.901408</td>\n      <td>0.895045</td>\n      <td>0.967177</td>\n      <td>0.955935</td>\n      <td>0.923541</td>\n      <td>0.980504</td>\n      <td>0.877383</td>\n      <td>1.000000</td>\n      <td>0.836595</td>\n      <td>0.926046</td>\n      <td>0.973306</td>\n      <td>0.973363</td>\n    </tr>\n    <tr>\n      <th>Полтавська</th>\n      <td>0.743244</td>\n      <td>0.812901</td>\n      <td>0.883230</td>\n      <td>0.954144</td>\n      <td>0.990263</td>\n      <td>0.968364</td>\n      <td>0.898686</td>\n      <td>0.827337</td>\n      <td>0.947714</td>\n      <td>0.883340</td>\n      <td>0.665842</td>\n      <td>0.916011</td>\n      <td>0.884403</td>\n      <td>0.988568</td>\n      <td>0.762260</td>\n      <td>0.928304</td>\n      <td>0.956369</td>\n      <td>0.979058</td>\n      <td>0.873677</td>\n      <td>0.994660</td>\n      <td>0.836595</td>\n      <td>1.000000</td>\n      <td>0.968961</td>\n      <td>0.930001</td>\n      <td>0.924735</td>\n    </tr>\n    <tr>\n      <th>Дніпропетровська</th>\n      <td>0.792832</td>\n      <td>0.873808</td>\n      <td>0.922085</td>\n      <td>0.966329</td>\n      <td>0.986280</td>\n      <td>0.992867</td>\n      <td>0.948242</td>\n      <td>0.906055</td>\n      <td>0.978315</td>\n      <td>0.817350</td>\n      <td>0.769472</td>\n      <td>0.966745</td>\n      <td>0.942232</td>\n      <td>0.988136</td>\n      <td>0.809616</td>\n      <td>0.985220</td>\n      <td>0.992259</td>\n      <td>0.992038</td>\n      <td>0.937430</td>\n      <td>0.976584</td>\n      <td>0.926046</td>\n      <td>0.968961</td>\n      <td>1.000000</td>\n      <td>0.971353</td>\n      <td>0.964660</td>\n    </tr>\n    <tr>\n      <th>Харківська</th>\n      <td>0.874705</td>\n      <td>0.952097</td>\n      <td>0.974822</td>\n      <td>0.985998</td>\n      <td>0.959687</td>\n      <td>0.986658</td>\n      <td>0.980852</td>\n      <td>0.970439</td>\n      <td>0.995850</td>\n      <td>0.768437</td>\n      <td>0.881386</td>\n      <td>0.990177</td>\n      <td>0.992989</td>\n      <td>0.967140</td>\n      <td>0.900737</td>\n      <td>0.982782</td>\n      <td>0.990813</td>\n      <td>0.981636</td>\n      <td>0.981826</td>\n      <td>0.958019</td>\n      <td>0.973306</td>\n      <td>0.930001</td>\n      <td>0.971353</td>\n      <td>1.000000</td>\n      <td>0.998612</td>\n    </tr>\n    <tr>\n      <th>Чернігівська</th>\n      <td>0.877547</td>\n      <td>0.953602</td>\n      <td>0.973265</td>\n      <td>0.986176</td>\n      <td>0.955377</td>\n      <td>0.982769</td>\n      <td>0.981395</td>\n      <td>0.970698</td>\n      <td>0.995730</td>\n      <td>0.768094</td>\n      <td>0.888871</td>\n      <td>0.989985</td>\n      <td>0.992697</td>\n      <td>0.962513</td>\n      <td>0.901990</td>\n      <td>0.978910</td>\n      <td>0.987100</td>\n      <td>0.977135</td>\n      <td>0.982727</td>\n      <td>0.955161</td>\n      <td>0.973363</td>\n      <td>0.924735</td>\n      <td>0.964660</td>\n      <td>0.998612</td>\n      <td>1.000000</td>\n    </tr>\n  </tbody>\n</table>\n</div>"
     },
     "execution_count": 383,
     "metadata": {},
     "output_type": "execute_result"
    }
   ],
   "source": [
    "from pandas.core import nanops\n",
    "pd.set_option(\"display.max_rows\", None, \"display.max_columns\", None)\n",
    "df = pd.read_csv(\"covid19.csv\", sep=\",\")\n",
    "df = df[['registration_area','active_confirm','zvit_date']]\n",
    "df.set_index('zvit_date', inplace=True)\n",
    "df = df.groupby(['zvit_date','registration_area']).sum()\n",
    "df.reset_index(inplace=True)\n",
    "df.set_index('zvit_date', inplace=True)\n",
    "df.index = pd.to_datetime(df.index)\n",
    "\n",
    "df_by_region = pd.DataFrame()\n",
    "for i in df['registration_area'].unique():\n",
    "    df_by_region[i] = df[df['registration_area'] == i].active_confirm\n",
    "df_by_region = df_by_region.fillna(0)\n",
    "\n",
    "df_by_region.corr()"
   ],
   "metadata": {
    "collapsed": false,
    "pycharm": {
     "name": "#%%\n"
    }
   }
  },
  {
   "cell_type": "markdown",
   "source": [
    "### Створити функцію для розрахунку лагової кореляції між 2 рядами даних, яка на вхід приймає 3 аргументи: 2 ряди даних та тестований лаг “T”"
   ],
   "metadata": {
    "collapsed": false
   }
  },
  {
   "cell_type": "code",
   "execution_count": 384,
   "outputs": [],
   "source": [
    "def max_lag_corr(row1: pd.Series, row2: pd.Series, T):\n",
    "    max_T = 0\n",
    "    max_corr = -1\n",
    "    for i in range(-T, T + 1):\n",
    "        corr = row1.corr(row2) if i == 0 else row1.shift(i)[abs(i):-abs(i)].corr(row2[abs(i):-abs(i)])\n",
    "        if max_corr < corr:\n",
    "            max_corr = corr\n",
    "            max_T = i\n",
    "    return {'max_corr': max_corr, 'max_lag': max_T}\n",
    "\n",
    "def lag(dataframe, method):\n",
    "    numeric_df = dataframe._get_numeric_data()\n",
    "    cols = numeric_df.columns\n",
    "    idx = cols.copy()\n",
    "    mat = numeric_df.to_numpy(dtype=float, na_value=np.nan, copy=False)\n",
    "\n",
    "    min_periods = 1\n",
    "    mat = mat.T\n",
    "    corrf = nanops.get_corr_func(method)\n",
    "    K = len(cols)\n",
    "    correl = np.empty((K, K), dtype=float)\n",
    "    mask = np.isfinite(mat)\n",
    "    for i, ac in enumerate(mat):\n",
    "        for j, bc in enumerate(mat):\n",
    "            if i > j:\n",
    "                continue\n",
    "            valid = mask[i] & mask[j]\n",
    "            if valid.sum() < min_periods:\n",
    "                c = np.nan\n",
    "            elif i == j:\n",
    "                c = 0\n",
    "            elif not valid.all():\n",
    "                c = corrf(ac[valid], bc[valid])\n",
    "            else:\n",
    "                c = corrf(ac, bc)\n",
    "            correl[i, j] = c\n",
    "            correl[j, i] = -c\n",
    "\n",
    "    return dataframe._constructor(correl, index=idx, columns=cols)"
   ],
   "metadata": {
    "collapsed": false,
    "pycharm": {
     "name": "#%%\n"
    }
   }
  },
  {
   "cell_type": "markdown",
   "source": [
    "### Побудувати 2 зведені таблиці-звіти по лаговим затримкам в динаміці захворівших по областях (по рядкам та колонкам – назви областей. На перетині значення лагу з максимальним коефіцієнтом кореляції). Друга таблиця містить коефіцієнти кореляції"
   ],
   "metadata": {
    "collapsed": false,
    "pycharm": {
     "name": "#%% md\n"
    }
   }
  },
  {
   "cell_type": "code",
   "execution_count": 385,
   "outputs": [
    {
     "data": {
